RMS =  0.7548745403337338
mtx =
 [[1.33168655e+03 0.00000000e+00 9.54841857e+02]
 [0.00000000e+00 1.33162266e+03 5.60401382e+02]
 [0.00000000e+00 0.00000000e+00 1.00000000e+00]]
dist =  [-0.35524981  0.01349514 -0.00471847  0.00897172  0.13142206]


RMS =  0.8935674051611979
mtx =
 [[1.53971135e+03 0.00000000e+00 9.84231894e+02]
 [0.00000000e+00 1.50713610e+03 5.37907721e+02]
 [0.00000000e+00 0.00000000e+00 1.00000000e+00]]
dist =  [-0.31521204 -0.32032225 -0.02506785 -0.02148523  0.38568568]


RMS =  1.0331889476042293
mtx =
 [[1.43364021e+03 0.00000000e+00 1.01052399e+03]
 [0.00000000e+00 1.43080281e+03 5.16281676e+02]
 [0.00000000e+00 0.00000000e+00 1.00000000e+00]]
dist =  [-0.44039203  0.1903465   0.00750203 -0.00646842 -0.04640736]