[0.],[0.],[0.],[0.],[0.],[0.]
[0.00510114],[-0.00422596],[0.0066006],[-1.5835528],[-0.55044836],[-0.7022323]
[0.00414983],[-0.00990363],[0.03407288],[-4.7591558],[-1.9274315],[1.3676732]
[0.01849489],[-0.02163867],[0.05182],[-9.428412],[-3.4130812],[-0.84051955]
[0.03704781],[-0.03687764],[0.07477845],[-15.149912],[-5.270773],[-3.5011156]
[0.03468673],[-0.03663648],[0.07683457],[-20.018286],[-5.331934],[-3.4494498]
[0.05976735],[-0.0572053],[0.10753548],[-27.330427],[-7.961776],[-6.9714923]
[0.08655111],[-0.07915855],[0.14021946],[-35.47534],[-10.640249],[-10.892356]
[0.12082355],[-0.05359466],[0.17417541],[-38.09813],[-8.469185],[-21.479374]
[0.14976314],[-0.08003485],[0.20870373],[-46.721867],[-11.587909],[-25.046928]
[0.17836569],[-0.1064379],[0.2423743],[-55.641216],[-14.541873],[-28.896872]
[0.20540327],[-0.13160181],[0.2740375],[-64.24181],[-17.574635],[-32.55175]
[0.23233543],[-0.1564184],[0.30532494],[-72.53176],[-20.335403],[-36.115833]
[0.25735015],[-0.17934495],[0.33404732],[-80.29956],[-22.91246],[-39.34537]
[0.20740865],[-0.2507592],[0.42205662],[-59.636665],[-17.204205],[-42.785976]
[0.23692662],[-0.26761755],[0.44336733],[-68.22434],[-20.325663],[-45.207138]
[0.26424098],[-0.2832175],[0.4630928],[-76.51914],[-23.257683],[-47.618973]
[0.2883636],[-0.29680836],[0.48015058],[-84.11723],[-26.148407],[-49.740944]
[0.31123495],[-0.3100761],[0.496902],[-91.10918],[-28.683697],[-51.9619]
[0.33120996],[-0.321586],[0.5112782],[-97.74927],[-30.98607],[-54.011463]
[0.35051405],[-0.33257663],[0.525675],[-103.76572],[-32.69132],[-56.093544]
[0.36717933],[-0.3417024],[0.53784835],[-109.14319],[-34.81334],[-57.5349]
[0.38347],[-0.35231423],[0.5513077],[-114.331795],[-36.65014],[-59.184036]
[0.39616656],[-0.36122286],[0.5611274],[-118.67226],[-38.423355],[-60.065964]
[0.4077556],[-0.36932495],[0.5700337],[-122.96199],[-40.051796],[-61.065083]
[0.4193403],[-0.37761003],[0.5793669],[-126.30094],[-41.528084],[-61.772778]
[0.4298096],[-0.3849249],[0.5876681],[-129.32144],[-42.886276],[-62.39051]
[0.39149794],[-0.32836545],[0.5616006],[-127.96162],[-43.53803],[-65.50179]
[0.4047808],[-0.3405423],[0.5716771],[-131.17197],[-44.72098],[-65.97135]
[0.41680068],[-0.35170588],[0.5807207],[-134.2771],[-45.620182],[-66.67327]
[0.4277098],[-0.36207393],[0.588839],[-136.90489],[-46.616215],[-67.02995]
[0.43850434],[-0.37242994],[0.5974469],[-139.05692],[-47.319096],[-67.29337]
[0.44803995],[-0.38187832],[0.60527825],[-141.33621],[-47.99434],[-67.707504]
[0.4183533],[-0.34692526],[0.55800337],[-136.06781],[-44.753323],[-76.81906]
[0.42928585],[-0.35862687],[0.5696391],[-138.39442],[-45.887287],[-76.25424]
[0.43793032],[-0.36845294],[0.57915694],[-140.754],[-46.886715],[-75.77915]
[0.34971908],[-0.38420647],[0.6762312],[-134.11488],[-37.07594],[-70.14804]
[0.36563557],[-0.35021573],[0.66700256],[-104.43191],[-29.730072],[-77.59425]
[0.34282267],[-0.32983235],[0.64145],[-78.042946],[-26.88377],[-70.8158]
[0.32167116],[-0.31171003],[0.61888593],[-53.783806],[-24.482924],[-64.55736]
[0.32605988],[-0.3288299],[0.70572394],[-61.979477],[-17.709179],[-61.44868]
[0.3055147],[-0.31128517],[0.67781264],[-39.516365],[-15.999807],[-55.993637]
[0.28674662],[-0.29593936],[0.6536756],[-18.920523],[-14.342017],[-50.97019]
[0.2697382],[-0.28255934],[0.63291824],[-34.154297],[-13.279496],[-46.188217]
[0.25418332],[-0.27075166],[0.61444026],[-47.746952],[-12.201429],[-41.90781]
[0.24005926],[-0.26032388],[0.598001],[-60.250717],[-11.267062],[-38.029305]
[0.22737601],[-0.25111374],[0.5835476],[-71.22111],[-10.140119],[-34.454082]
[0.21579601],[-0.2427183],[0.56999457],[-81.37523],[-9.308304],[-31.155651]
[0.20536534],[-0.23529893],[0.5582459],[-90.28404],[-8.571752],[-28.158003]
[0.19560322],[-0.22844362],[0.5467986],[-98.670685],[-8.285074],[-25.416107]
[0.18623249],[-0.22227262],[0.53591603],[-72.482765],[-7.4961023],[-23.18422]
[0.17694417],[-0.21670297],[0.525361],[-48.960224],[-6.802933],[-21.174366]
[0.1672669],[-0.21233459],[0.5168546],[-27.482136],[-6.1554275],[-19.26135]
[0.15795393],[-0.20829365],[0.50869983],[-8.145],[-5.395782],[-17.611704]
[0.1494842],[-0.20529287],[0.50314885],[-24.174007],[-5.1896424],[-15.89898]
[0.14156704],[-0.20250268],[0.49794704],[-38.765053],[-4.871184],[-14.412196]
[0.1342423],[-0.2000386],[0.49327263],[-51.96542],[-4.8097177],[-13.100337]
[0.12738971],[-0.19770832],[0.48865205],[-64.03414],[-4.7874603],[-11.787018]
[0.12108093],[-0.1958203],[0.4849211],[-74.7474],[-4.7966394],[-10.702842]
[0.11538669],[-0.19446537],[0.48224318],[-84.34303],[-4.5576673],[-9.769781]
[0.11010636],[-0.19298553],[0.4794192],[-89.460464],[-2.7451997],[-9.569938]
[0.10797369],[-0.17060728],[0.44218042],[-72.7943],[-9.207596],[-11.075774]
[0.10345189],[-0.17132145],[0.44279116],[-82.757095],[-8.744205],[-10.080257]
[0.09949131],[-0.17200339],[0.44363284],[-91.82833],[-8.15674],[-9.192925]
[0.09594911],[-0.17207566],[0.44346675],[-96.02993],[-6.1264405],[-9.022553]
[0.09311465],[-0.17258115],[0.44454172],[-103.35683],[-5.899357],[-8.189927]
[0.09066022],[-0.17278643],[0.44526273],[-110.210045],[-5.788498],[-7.384868]
[0.08851603],[-0.17271493],[0.4459501],[-116.472435],[-5.9032555],[-6.591686]
[0.08626133],[-0.16504526],[0.44818315],[-121.40839],[-5.5199547],[-6.032636]
[0.08397464],[-0.15784],[0.45008072],[-126.34913],[-5.0438986],[-5.6639714]
[0.08167291],[-0.1513454],[0.45128706],[-97.52214],[-4.740885],[-5.4097633]
[0.07941388],[-0.14584541],[0.45251068],[-71.65704],[-4.36759],[-5.201861]
[0.07736405],[-0.14134967],[0.4546203],[-79.656906],[-2.8974478],[-5.152562]
[0.07553079],[-0.13764627],[0.45626155],[-54.95847],[-2.3001182],[-4.8508806]
[0.07400882],[-0.13458323],[0.4577462],[-32.80379],[-2.042042],[-4.663466]
[0.07277951],[-0.13200532],[0.45903116],[-12.7165575],[-1.8984301],[-4.379205]
[0.07176198],[-0.12984891],[0.4601491],[5.2643814],[-1.6830232],[-4.1696815]
[0.07096546],[-0.128149],[0.46136162],[21.697247],[-1.2656311],[-3.9401808]
[0.07041133],[-0.1269298],[0.4628528],[2.7319663],[-1.1881254],[-3.5970256]
[0.0700114],[-0.12597229],[0.46401605],[-14.609198],[-1.0099952],[-3.36446]
[-0.29245797],[-0.15075354],[0.62998784],[-12.618828],[1.2429237],[-6.6898584]
[-0.25824648],[-0.14766344],[0.6151535],[-28.45919],[1.069926],[-6.1445727]
[-0.22731213],[-0.14483158],[0.60153294],[-40.30881],[2.5558884],[-6.0001254]
[-0.19914974],[-0.14239481],[0.5896356],[-50.676334],[3.6322556],[-5.7553096]
[-0.17356433],[-0.14026526],[0.5787822],[-62.661823],[3.2768824],[-5.341466]
[-0.15035723],[-0.13834208],[0.5688421],[-73.71634],[3.0877447],[-4.946379]
[-0.12935333],[-0.13651726],[0.55948824],[-49.669067],[2.6423676],[-4.5165296]
[-0.01031744],[-0.06318953],[0.6199179],[-52.037254],[4.808909],[-20.749054]
[-0.00253972],[-0.06869864],[0.6060396],[-64.08127],[4.4880123],[-18.888968]
[0.04937034],[-0.03468526],[0.6106315],[-65.26955],[5.577457],[-33.10917]
[0.05147269],[-0.04291825],[0.5972532],[-41.989918],[4.906072],[-29.998264]
[0.05342049],[-0.05051],[0.58508945],[-20.892769],[4.2841663],[-27.283016]
[0.05523153],[-0.05762225],[0.5744291],[-35.82482],[4.0201797],[-24.798382]
[0.05685579],[-0.06420831],[0.56463486],[-15.305933],[3.6364353],[-22.570677]
[0.05832697],[-0.07017675],[0.55539703],[3.1098652],[3.0537574],[-20.485933]
[0.05980029],[-0.07589757],[0.5478575],[-14.135435],[2.9911602],[-18.61068]
[0.06108399],[-0.0810262],[0.5406498],[-29.909273],[2.6024187],[-16.9317]
[0.06238222],[-0.08586784],[0.5343631],[-9.965359],[2.432452],[-15.4122]
[0.06354243],[-0.09025016],[0.5281952],[8.064108],[2.0220194],[-14.030774]
[0.06469337],[-0.09436747],[0.5229496],[24.226631],[1.7993366],[-12.812713]
[0.06570055],[-0.09806926],[0.5179514],[4.8785496],[1.4470428],[-11.666733]
[0.06660667],[-0.10143978],[0.5133917],[21.407677],[1.1206517],[-10.675162]
[0.06747734],[-0.10463979],[0.5096206],[2.2800329],[1.1015584],[-9.7486925]
[0.06825668],[-0.10755477],[0.50628006],[-15.041121],[0.8676455],[-8.855047]
[0.06124315],[-0.07780527],[0.48757088],[-25.260492],[-4.0860286],[-18.151512]
[0.06248374],[-0.08324676],[0.48596603],[-39.88913],[-3.798716],[-16.508707]
[0.06357033],[-0.08822636],[0.48489],[-50.198997],[-2.0113723],[-15.416557]
[0.06457748],[-0.09283263],[0.48380697],[-62.501785],[-1.7361097],[-13.931301]
[0.0654229],[-0.09680811],[0.48226607],[-70.39737],[-0.53552145],[-12.970822]
[0.06620836],[-0.10063039],[0.48120925],[-80.41317],[-0.83838725],[-11.695261]
[0.06686024],[-0.10414612],[0.48004374],[-55.710983],[-0.98859054],[-10.688992]
[0.0675388],[-0.10743775],[0.47926685],[-33.40353],[-0.90006936],[-9.892895]
[0.06836585],[-0.11037026],[0.47876522],[-13.142712],[-1.0428071],[-9.002965]
[0.06925942],[-0.11267976],[0.4781172],[5.1325603],[-1.4102539],[-8.17529]
[0.07065053],[-0.11462787],[0.47843704],[-12.41381],[-1.9365108],[-7.218764]
[0.07241639],[-0.11625146],[0.47978136],[5.844343],[-2.1006107],[-6.4376388]
[0.07438469],[-0.11767339],[0.48143607],[-11.633844],[-2.2951896],[-5.721014]
[0.05288284],[-0.0989666],[0.4481879],[-18.14837],[-7.3186226],[-19.818848]
[0.05709188],[-0.1023212],[0.454249],[-33.44851],[-6.471314],[-17.915638]
[0.06129192],[-0.10564173],[0.4608193],[-44.65952],[-4.089701],[-16.61954]
[0.06542742],[-0.10886762],[0.4673294],[-55.089268],[-1.6445539],[-15.402508]
[0.06948083],[-0.11202011],[0.47374526],[-64.439575],[0.49181595],[-14.341763]
[0.0734012],[-0.11517506],[0.47992125],[-75.01508],[0.14514907],[-12.823797]
[0.07710861],[-0.11817967],[0.4858466],[-84.38759],[-0.1832683],[-11.328957]
[0.08064928],[-0.12118471],[0.49202558],[-92.99426],[0.14885166],[-10.131605]
[0.08369271],[-0.12379657],[0.49704587],[-98.82015],[2.3141816],[-9.640856]
[0.08647721],[-0.12634726],[0.5014406],[-106.02392],[2.0080779],[-8.562163]
[0.08884119],[-0.12880538],[0.5054714],[-110.58435],[3.998044],[-8.235109]
[0.09101109],[-0.13133366],[0.5096698],[-114.643005],[5.743984],[-7.8617396]
[0.09275923],[-0.1336111],[0.5128174],[-117.93875],[7.289072],[-7.662476]
[0.0940486],[-0.13607712],[0.5155055],[-123.72608],[6.6316357],[-6.8036127]
[0.09480622],[-0.13858616],[0.51788765],[-128.91711],[5.9499536],[-6.13211]
[0.09478644],[-0.14072403],[0.51898766],[-130.34422],[7.663764],[-6.217141]
[0.09457044],[-0.14311954],[0.52041435],[-134.5744],[6.5481825],[-5.5075645]
[0.09403946],[-0.1454294],[0.52160037],[-138.43805],[5.770106],[-4.824124]
[0.09339253],[-0.14760798],[0.5227024],[-141.62354],[5.098794],[-4.2751446]
[0.13552369],[-0.13250633],[0.6139601],[-140.21062],[12.217147],[-17.400349]
[0.13071531],[-0.13595696],[0.60629654],[-141.09679],[12.864024],[-16.221567]
[0.12611516],[-0.1388187],[0.59817815],[-144.28969],[11.389552],[-14.617891]
[0.12182341],[-0.14147866],[0.590874],[-147.25266],[9.8955555],[-13.114958]
[0.11788387],[-0.14393315],[0.58423907],[-149.81166],[8.433616],[-11.7172365]
[0.11424402],[-0.14630233],[0.5786095],[-149.62808],[9.061349],[-11.032684]
[0.11092684],[-0.1485402],[0.5733552],[-149.1766],[9.740506],[-10.527614]
[0.10801204],[-0.15070689],[0.5680762],[-151.64043],[8.5261965],[-9.462022]
[0.1054332],[-0.15270443],[0.5630042],[-154.3293],[7.871985],[-8.615307]
[0.10321987],[-0.15456115],[0.55821127],[-156.44565],[6.908172],[-7.8471437]
[0.10149227],[-0.1565077],[0.55419683],[-158.37314],[6.264546],[-7.166568]
[0.09987775],[-0.15807635],[0.54953647],[-160.18568],[5.5820646],[-6.564175]
[0.09832776],[-0.1595666],[0.54508215],[-127.87255],[4.9230995],[-6.0676575]
[0.09684011],[-0.16109306],[0.54116946],[-132.5384],[4.3062286],[-5.6705093]
[0.09524884],[-0.16240135],[0.5369104],[-136.98793],[3.6534898],[-5.399252]
[0.09364274],[-0.16366202],[0.53287613],[-140.88577],[3.3423028],[-5.1922636]
[0.09198271],[-0.16474071],[0.52872527],[-144.54816],[2.9709828],[-4.96766]
[0.09017166],[-0.1655908],[0.5240686],[-147.91081],[2.3093374],[-4.818833]
[0.08826762],[-0.1664073],[0.5189854],[-116.76671],[1.3012418],[-4.587254]
[0.08605205],[-0.16754898],[0.5137958],[-122.43415],[0.0446187],[-4.188533]
[0.08328144],[-0.16977417],[0.5077159],[-127.34918],[-1.0059588],[-4.119684]
[0.0808414],[-0.17248605],[0.50231546],[-131.6948],[-1.4436544],[-4.091239]
[0.07871467],[-0.17525838],[0.497372],[-135.53381],[-2.0011792],[-4.093537]
[0.07692433],[-0.17815182],[0.49295846],[-139.23528],[-2.141869],[-4.1359334]
[0.0752802],[-0.1807575],[0.48791087],[-142.81969],[-2.364232],[-4.107861]
[0.07369816],[-0.18332979],[0.48283437],[-145.99432],[-2.9273455],[-4.0311112]
[0.07196885],[-0.18581378],[0.47750917],[-148.99812],[-3.47817],[-4.0442505]
[0.07016268],[-0.1881962],[0.47227672],[-151.7866],[-3.69193],[-4.0760016]
[0.06843866],[-0.19054727],[0.46754748],[-154.1206],[-3.8701282],[-4.061094]
[0.06677699],[-0.19263086],[0.4630083],[-156.37593],[-3.9929266],[-4.1216717]
[0.06516331],[-0.19448166],[0.4587341],[-158.20056],[-4.2175846],[-4.121923]
[0.06353244],[-0.19599544],[0.45438552],[-159.8661],[-4.445838],[-4.1642256]
[0.06192412],[-0.19732803],[0.45032135],[-161.52121],[-4.576502],[-4.183619]
[0.06033919],[-0.1982878],[0.44605398],[-162.96646],[-4.8343196],[-4.126386]
[0.05872924],[-0.19909321],[0.4420747],[-164.28996],[-4.9688334],[-4.1254444]
[0.05214368],[-0.16302884],[0.42969695],[-160.29176],[-9.375629],[-13.736663]
[0.05124126],[-0.16739233],[0.42768946],[-161.71207],[-9.061936],[-12.840943]
[0.05042071],[-0.17152725],[0.42621905],[-162.38304],[-9.016638],[-11.866695]
[0.0495297],[-0.17537077],[0.4249896],[-162.968],[-9.102618],[-10.916726]
[0.04849431],[-0.17879365],[0.4236396],[-159.96626],[-7.2743306],[-11.057955]
[0.04755075],[-0.18215741],[0.42230973],[-160.74597],[-7.5034175],[-10.211572]
[0.04657881],[-0.18561332],[0.42134738],[-161.64294],[-7.505414],[-9.437558]
[0.04566948],[-0.18869399],[0.42001754],[-162.35104],[-7.784525],[-8.65115]
[0.04488017],[-0.1920306],[0.41947737],[-162.7609],[-7.837807],[-7.9881325]
[0.17280416],[-0.15545599],[0.48434672],[-130.23631],[-10.14669],[-7.2833447]
[0.15988602],[-0.16219056],[0.47785467],[-133.73691],[-9.813119],[-6.8989754]
[0.14817862],[-0.16838868],[0.47195867],[-136.91457],[-9.7033415],[-6.4558587]
[0.13749],[-0.17382735],[0.4660873],[-139.97798],[-9.480393],[-6.113424]
[0.12769572],[-0.17873983],[0.46089914],[-139.06169],[-7.611261],[-6.7960534]
[0.11887086],[-0.1835069],[0.45645496],[-141.66486],[-7.586638],[-6.4280176]
[0.11082992],[-0.18809368],[0.45255646],[-144.05508],[-7.665114],[-6.1200485]
[0.08502237],[-0.2005039],[0.48250294],[-135.87993],[0.2990203],[-8.703029]
[0.09191565],[-0.1268206],[0.4978869],[-139.44653],[-2.2573128],[-14.260715]
[0.0897354],[-0.08940782],[0.4828604],[-135.88461],[-6.141973],[-21.09674]
[0.10209346],[-0.05168977],[0.47817644],[-125.21413],[-0.2878619],[-6.9759727]
[0.10724425],[-0.1087787],[0.6146119],[-124.9046],[4.01373],[-10.415673]
[0.17226735],[-0.06486946],[0.61823153],[-119.02359],[4.173312],[-23.742676]
[0.22912508],[-0.02604128],[0.61916167],[-113.49591],[4.6197343],[-36.07668]
[0.1929061],[-0.01534513],[0.57231796],[-92.07814],[3.4048114],[-46.955452]
[0.17334574],[-0.04435175],[0.6522935],[-99.723694],[9.800042],[-51.816242]
[0.2328297],[-0.00833814],[0.65305394],[-73.20653],[5.4824986],[-55.575394]
[0.19672355],[0.00041675],[0.60197014],[-55.66875],[2.440268],[-64.54755]
[0.16219218],[0.02868851],[0.58826315],[-62.836094],[5.797584],[-65.87995]
[0.10410655],[0.04178316],[0.6114029],[-65.33594],[9.155666],[-43.318466]
[0.05921747],[0.01414074],[0.6996841],[-45.131634],[15.06179],[-44.797585]
[0.07818335],[-0.01367501],[0.7759889],[-25.695995],[6.80654],[-33.85973]
[0.09536605],[-0.03322747],[0.84578604],[-8.362109],[-0.86175287],[-24.223818]
[0.04552226],[-0.01329033],[0.8460391],[-16.031096],[2.9791296],[-5.615591]
[0.00041985],[0.00475029],[0.8462681],[-22.97057],[6.4546485],[11.222529]
